20625 
26593 
-24446 
27091 
8674 
-26376 
-14517 
3072 
29983 
30466 
-22439 
30840 
29960 
-959 
19679 
-23470 
-5128 
27245 
19150 
30113 
10206 
-30428 
22880 
28442 
11713 
16891 
15933 
-7064 
10189 
-21550 
13503 
-30682 
-14620 
-29743 
-26403 
21198 
12768 
-11987 
29505 
-30511 
-4015 
-7763 
17400 
19346 
-20522 
-671 
-3567 
9588 
13720 
16691 
-14679 
11776 
10164 
-22112 
-24970 
-108 
30129 
-10461 
5588 
-18101 
16467 
-16051 
390 
13046 
25618 
30100 
3094 
-23684 
-22984 
-15892 
22329 
-16104 
20596 
-16809 
28132 
-9832 
-19884 
-16313 
7605 
-1751 
-9722 
21681 
5587 
3258 
27341 
-14036 
16855 
16628 
-7836 
4444 
-27797 
-29233 
2018 
18295 
28443 
-24255 
4510 
-2007 
-31988 
-10675 
-22140 
19286 
-12373 
1869 
-21913 
6683 
-15534 
10097 
12400 
16262 
-3242 
-27275 
-17762 
27088 
-22782 
21352 
2512 
32514 
-27645 
-3757 
-25779 
30270 
-32465 
18016 
20794 
24162 
-27235 
-6568 
-15738 
19665 
-4495 
26912 
-20851 
-15480 
-23230 
-23851 
24201 
5223 
3267 
-23269 
23136 
7999 
-9768 
868 
-6436 
-27790 
-17045 
-24687 
-20716 
-17043 
-5422 
-29514 
26392 
29149 
-599 
-705 
-10636 
26217 
-8570 
-25481 
18366 
-7227 
-16929 
-6298 
-26447 
-24119 
28970 
29893 
4928 
-28851 
-17382 
-9624 
21049 
-31759 
-29949 
-21694 
9772 
15186 
9682 
-3217 
3080 
-13349 
16036 
-20385 
12240 
-20742 
-8619 
8232 
18364 
-27452 
28140 
18069 
-866 
-4204 
-3488 
-12692 
557 
705 
20816 
19322 
9458 
-7956 
20419 
2151 
-9783 
28770 
24637 
3287 
8026 
5704 
-19154 
-13026 
-1906 
-17663 
22564 
-20004 
-17962 
-21581 
-17848 
-4215 
-12380 
27746 
-4574 
-20656 
26534 
31440 
-4007 
-25486 
-15856 
-5983 
6219 
-15584 
6739 
13842 
-18236 
-25073 
-13326 
-11877 
-4970 
515 
-27164 
-15566 
19727 
-30854 
28105 
15094 
-747 
5146 
-17218 
-2697 
30348 
3067 
1385 
-17591 
-728 
8130 
